183
401
203
291
227
170
184
345
370
119
274
326
254
182
204
217
224
172
134
242
209
321
232
172
255
255
246
228
220
153
163
271
356
213
211
267
303
111
189
217
272
223
265
236
175
197
260
391
293
227
232
164
219
232
164
200
190
235
212
209
376
206
227
153
219
172
326
286
244
197
374
232
373
384
176
169
228
423
198
253
215
235
261
123
351
405
219
166
200
295
203
361
247
120
236
310
237
172
221
258
190
251
135
230
255
194
204
234
185
246
258
211
226
214
251
411
221
240
173
246
128
205
211
198
287
214
176
169
242
464
159
353
254
274
268
196
199
232
203
210
213
138
309
255
260
227
157
236
246
192
237
252
134
137
200
266
140
157
212
271
222
178
194
246
193
241
215
195
137
197
187
231
184
182
304
235
169
270
156
223
253
253
199
241
286
379
151
221
251
257
235
226
196
154
256
233
200
152
295
153
217
188
341
362
138
187
212
287
160
235
673
228
202
179
166
149
201
182
208
231
253
192
207
200
183
240
239
364
370
252
228
160
295
261
170
230
244
220
294
220
206
282
263
299
248
180
287
190
327
143
213
157
261
450
194
253
279
244
245
286
144
287
177
297
170
177
234
196
188
179
251
142
234
214
190
243
126
236
170
274
198
149
208
203
162
235
209
302
168
269
299
208
261
262
385
227
212
204
219
227
231
278
191
224
291
218
158
245
149
268
322
270
395
292
198
205
193
292
144
203
198
246
232
231
226
348
163
201
201
245
233
138
238
227
159
244
262
225
404
234
278
182
189
173
309
194
206
221
354
251
189
375
193
244
230
214
277
206
264
214
216
253
210
254
230
184
262
238
181
192
255
239
189
296
312
189
218
199
244
242
247
229
194
268
289
113
148
269
241
226
149
246
246
116
358
285
213
229
231
232
273
266
375
152
251
252
206
186
192
266
135
247
235
180
200
189
280
188
207
153
176
213
160
180
196
227
167
228
283
196
285
494
247
238
482
271
188
226
255
150
208
187
244
236
187
179
131
209
411
361
298
227
500
265
200
183
164
242
186
187
217
257
242
458
202
200
249
233
243
189
236
284
149
236
240
204
268
170
305
170
250
232
271
237
222
472
269
213
247
280
151
220
303
240
280
244
175
165
253
189
234
181
179
245
202
245
332
199
282
294
292
441
237
192
213
140
469
226
156
240
311
169
373
268
194
211
302
161
249
235
235
273
236
244
202
188
211
184
180
163
204
360
219
213
226
314
357
201
368
246
176
160
264
229
197
242
198
192
201
170
247
251
247
179
269
292
230
203
287
210
124
227
198
229
226
389
205
186
199
152
143
280
261
271
176
253
231
203
220
263
166
122
250
151
203
244
209
295
273
271
243
142
157
318
248
211
222
256
265
239
180
234
133
221
192
267
247
199
280
195
187
243
228
203
269
189
177
260
280
193
220
458
250
267
257
183
303
178
514
259
289
250
263
187
231
185
382
160
261
257
182
144
371
257
254
248
239
218
232
217
234
196
186
239
226
297
315
273
189
147
269
128
170
195
269
260
371
131
165
245
186
132
217
260
194
245
266
189
241
255
251
227
202
251
239
239
197
175
187
235
144
192
173
246
299
248
229
239
203
220
387
286
197
182
247
319
202
200
280
249
245
213
184
343
240
233
123
201
213
242
240
168
253
120
310
261
222
149
250
241
233
164
265
354
173
161
156
288
249
315
374
157
223
295
237
133
227
333
254
201
334
254
145
221
243
200
210
225
247
188
276
296
190
236
188
157
322
247
313
282
496
209
198
250
71
93
200
300
240
212
145
203
193
250
240
222
290
243
134
193
238
213
215
179
236
208
136
198
207
243
238
190
179
205
148
246
295
159
232
212
159
176
146
260
187
314
449
191
300
157
189
193
201
292
131
257
122
144
182
229
310
251
162
179
236
231
165
197
406
121
233
173
250
202
280
203
270
195
369
262
134
136
252
138
221
156
214
198
230
260
111
299
155
198
187
185
234
371
316
240
144
233
162
209
193
143
298
244
205
251
230
241
187
235
408
283
388
238
192
195
378
252
212
260
157
163
195
184
153
365
269
312
265
259
160
196
232
196
190
200
264
411
214
195
133
189
111
188
299
199
234
221
296
215
167
246
123
206
225
230
281
193
196
236
221
222
193
335
190
236
406
153
180
383
155
179
242
244
166
197
218
105
287
265
172
251
266
206
245
190
358
190
228
241
245
447
223
164
129
259
184
224
278
199
293
243
227
276
193
129
256
216
245
347
397
249
168
217
235
259
